har_1dcnn Model Weights — Human-Readable Export
Total parameters: 305
============================================================

Layer: conv1d (Conv1D)
----------------------------------------
  kernel  shape=[19, 1, 12]
    min=-1.306582  max=1.047707  mean=-0.020959  std=0.267134
  bias  shape=[12]
    +0.389943  +0.342593  +0.072020  +0.389192  +0.233547  -0.035402  +0.175728  +0.362808
    +0.105618  +0.317292  +0.321049  +0.069955

Layer: dense_output (Dense)
----------------------------------------
  kernel  shape=[12, 5]
    +1.030623  -0.728690  -0.760845  -0.692998  +0.059671  +0.740739  -1.093856  -0.333900
    +1.135157  -0.577679  -1.023670  +0.733597  -0.460353  +0.455970  -0.405894  +0.744317
    -0.156943  -0.544310  -0.743148  -0.427243  -0.946362  +0.317979  -0.098228  +0.356969
    -0.391298  +0.105677  -0.631559  -0.354009  +1.098563  +0.276206  -0.780119  +0.528010
    -0.486593  +0.499827  -0.607930  +0.522265  -0.378198  -0.958213  -0.168021  -0.775159
    -0.293697  -1.148597  +0.823829  -0.311688  -0.758861  -0.130026  +0.678281  +0.916281
    -1.381848  -0.851041  +0.772204  -1.233665  -0.532777  +1.130012  +0.035491  -0.644994
    +0.388048  -1.348959  +0.453237  -0.503290
  bias  shape=[5]
    +0.212672  +0.015975  +0.117264  -0.339419  -0.210385
