har_mlp Model Weights — Human-Readable Export
Total parameters: 3525
============================================================

Layer: dense_1 (Dense)
----------------------------------------
  kernel  shape=[19, 64]
    min=-0.817059  max=0.665010  mean=0.014721  std=0.189038
  bias  shape=[64]
    -0.086948  -0.031916  +0.078589  -0.019189  +0.003369  -0.030835  +0.017899  -0.080428
    +0.203613  +0.104686  +0.291140  +0.212011  +0.020482  -0.062904  -0.084131  +0.051808
    +0.162588  +0.043909  -0.015937  -0.050527  +0.006951  +0.030629  +0.035577  -0.063300
    +0.159053  -0.129801  -0.078272  +0.016238  +0.228158  -0.082384  -0.013294  +0.002977
    +0.110034  -0.040660  +0.003403  +0.217536  +0.092295  -0.006516  +0.011751  +0.147363
    +0.006498  +0.207378  +0.017873  +0.128038  +0.164548  +0.142991  +0.200655  +0.136551
    +0.164272  +0.159676  +0.098272  -0.197367  -0.022619  +0.193655  -0.127852  +0.016502
    -0.036446  +0.019059  -0.044527  -0.058339  +0.119726  +0.045183  -0.003253  -0.051888

Layer: dense_2 (Dense)
----------------------------------------
  kernel  shape=[64, 32]
    min=-0.688439  max=0.692045  mean=0.011924  std=0.197968
  bias  shape=[32]
    -0.034430  +0.043885  +0.077563  +0.127182  -0.034229  +0.122674  +0.011493  +0.073236
    +0.144241  +0.176688  +0.181634  +0.000369  -0.016414  -0.080953  +0.033403  -0.048742
    -0.017462  -0.038052  +0.068238  +0.067164  +0.141698  -0.040029  +0.060730  -0.017328
    +0.098548  +0.193927  +0.109222  +0.132311  -0.004943  -0.014052  +0.110201  +0.032516

Layer: dense_output (Dense)
----------------------------------------
  kernel  shape=[32, 5]
    min=-0.871622  max=0.587758  mean=-0.099417  std=0.327027
  bias  shape=[5]
    +0.053862  +0.108784  +0.020177  -0.222638  -0.133476
