HAR 1D-CNN Model Weights — Human-Readable Export
Total parameters: 305
============================================================

Layer: conv1d (Conv1D)
----------------------------------------
  kernel  shape=[19, 1, 12]
    min=-0.796654  max=1.129083  mean=-0.003727  std=0.258179
  bias  shape=[12]
    +0.256927  +0.333802  +0.402938  +0.060477  +0.301747  +0.337834  +0.035112  +0.348694
    +0.093810  +0.152608  -0.105991  +0.018573

Layer: dense_output (Dense)
----------------------------------------
  kernel  shape=[12, 5]
    +0.827505  -0.678930  -0.033960  -0.443522  -0.138325  -0.877154  +0.308810  +1.100029
    -0.711222  -0.639802  +0.752763  -0.310243  -0.960547  -0.062998  -0.141899  -0.671190
    +0.715120  -1.393113  +1.054035  -0.007824  +0.863735  -0.344526  +0.108079  -0.007906
    +0.214938  +0.667777  +0.198839  -0.619043  -0.880954  -0.541556  -0.452194  +0.073835
    -1.922685  +0.589312  -0.064818  +0.673135  -0.651007  +0.129794  -0.432944  -0.167190
    -0.192451  -0.679058  +0.615600  +1.246423  +0.065328  -0.331470  +0.792373  +0.243820
    -1.168142  -0.326257  -0.161274  -1.352200  -0.284013  +0.985386  +0.104109  -0.807799
    +0.469627  -0.458479  +0.754770  -0.573484
  bias  shape=[5]
    +0.201620  +0.015718  +0.239716  -0.186752  -0.245411
